batch_size: 100
beta1: 0.9
beta1_during_decay: 0.9
cnn: False
cnn_dims: 32-32-32-32-16-16-16-16-8-8-8-8-1
cnn_fan: 3-96-96-96-96-192-192-192-192-192-192-192-192-10
cnn_ksizes: 3-3-3-3-3-3-3-3-3-1-1-0-0
cnn_layer_types: c-c-c-max-c-c-c-max-c-c-c-avg-fc
cnn_strides: 1-1-1-2-1-1-1-2-1-1-1-0-0
corrupt_sd: 0.3
dataset: mnist
decay_start: 0.8
decay_start_epoch: 200
description: None
do_not_save: False
encoder_layers: [784, 1000, 500, 250, 250, 250, 10]
end_epoch: 250
epsilon: {0: 0.0730815479025, 1: 0.482173463842, 2: 0.00140155463202, 3: 0.00140155463202, 4: 0.00140155463202, 5: 0.00140155463202, 6: 0.00140155463202}
eval_batch_size: 100
id: full_clw_labeled-100
initial_learning_rate: 0.002
input_size: 784
iter_per_epoch: 600
logdir: logs/
lr_decay_frequency: 10
lrelu_a: 0.1
measure_smoothness: False
measure_vat: False
model: clw
npi: 1-2-3-4
num_examples: 60000
num_iter: 150000
num_labeled: 100
num_layers: 6
num_power_iters: 3
ord: 2
rc_weights: {0: 1966.16465847, 1: 14.2000743242, 2: 0.156300920559, 3: 0.156300920559, 4: 0.156300920559, 5: 0.156300920559, 6: 0.156300920559}
seed: 8794
static_bn: 0.99
tb: False
test_frequency_in_epochs: 5.0
top_bn: False
ul_batch_size: 100
vadv_sd: 0.5
validation: 0
verbose: False
which_gpu: 0
write_to: None
x0: None
xi: 1e-06
y0: None
Trainable parameters: 3107960
================================
Initial Train AER:  90.0 %
Initial Test AER:  89.88 %
Final AER:  1.48000267029 %
