batch_size: 100
beta1: 0.9
beta1_during_decay: 0.9
cnn: False
cnn_dims: 32-32-32-32-16-16-16-16-8-8-8-8-1
cnn_fan: 3-96-96-96-96-192-192-192-192-192-192-192-192-10
cnn_ksizes: 3-3-3-3-3-3-3-3-3-1-1-0-0
cnn_layer_types: c-c-c-max-c-c-c-max-c-c-c-avg-fc
cnn_strides: 1-1-1-2-1-1-1-2-1-1-1-0-0
corrupt_sd: 0.3
dataset: mnist
decay_start: 0.8
decay_start_epoch: 200
description: None
do_not_save: False
encoder_layers: [784, 1000, 500, 250, 250, 250, 10]
end_epoch: 250
epsilon: {0: 0.108709754061}
eval_batch_size: 100
id: full_c_labeled-1000
initial_learning_rate: 0.002
input_size: 784
iter_per_epoch: 600
logdir: logs/
lr_decay_frequency: 10
lrelu_a: 0.1
measure_smoothness: False
measure_vat: False
model: c
npi: 1-2-3-4
num_examples: 60000
num_iter: 150000
num_labeled: 1000
num_layers: 6
num_power_iters: 3
ord: 2
rc_weights: {0: 1923.95759609, 1: 39.4668900902, 2: 0.48183882327, 3: 0.48183882327, 4: 0.48183882327, 5: 0.48183882327, 6: 0.48183882327}
seed: 2368
static_bn: 0.99
tb: False
test_frequency_in_epochs: 5.0
top_bn: False
ul_batch_size: 100
vadv_sd: 0.5
validation: 0
verbose: False
which_gpu: 2
write_to: None
x0: None
xi: 1e-06
y0: None
Trainable parameters: 3107960
================================
Initial Train AER:  91.7 %
Initial Test AER:  91.45 %
Final AER:  1.19000366211 %
