batch_size: 50
beta1: 0.9
beta1_during_decay: 0.9
cnn: False
cnn_dims: 32-32-32-32-16-16-16-16-8-8-8-8-1
cnn_fan: 3-96-96-96-96-192-192-192-192-192-192-192-192-10
cnn_ksizes: 3-3-3-3-3-3-3-3-3-1-1-0-0
cnn_layer_types: c-c-c-max-c-c-c-max-c-c-c-avg-fc
cnn_strides: 1-1-1-2-1-1-1-2-1-1-1-0-0
corrupt_sd: 0.3
dataset: mnist
decay_start: 0.8
decay_start_epoch: 200
description: None
do_not_save: False
encoder_layers: [784, 1000, 500, 250, 250, 250, 10]
end_epoch: 250
epsilon: {0: 0.0478824401043, 1: 0.0704417429427, 2: 0.000854090192827, 3: 0.000854090192827, 4: 0.000854090192827, 5: 0.000854090192827, 6: 0.000854090192827}
eval_batch_size: 50
id: full_nlw_labeled-50
initial_learning_rate: 0.002
input_size: 784
iter_per_epoch: 240
logdir: logs/
lr_decay_frequency: 10
lrelu_a: 0.1
measure_smoothness: False
model: nlw
npi: 1-2-3-4
num_examples: 60000
num_iter: 60000
num_labeled: 50
num_layers: 6
num_power_iters: 3
rc_weights: {0: 1006.29215947, 1: 8.66109203716, 2: 0.0717106445511, 3: 0.0717106445511, 4: 0.0717106445511, 5: 0.0717106445511, 6: 0.0717106445511}
seed: 8794
static_bn: 0.99
tb: False
test_frequency_in_epochs: 5.0
top_bn: False
ul_batch_size: 250
vadv_sd: 0.5
validation: 0
verbose: False
which_gpu: 1
write_to: None
x0: None
xi: 1e-06
y0: None
Trainable parameters: 3107960
================================
Initial Train AER:  96.0 %
Initial Test AER:  91.15 %
Final AER:  2.59000049591 %
batch_size: 100
beta1: 0.9
beta1_during_decay: 0.9
cnn: False
cnn_dims: 32-32-32-32-16-16-16-16-8-8-8-8-1
cnn_fan: 3-96-96-96-96-192-192-192-192-192-192-192-192-10
cnn_ksizes: 3-3-3-3-3-3-3-3-3-1-1-0-0
cnn_layer_types: c-c-c-max-c-c-c-max-c-c-c-avg-fc
cnn_strides: 1-1-1-2-1-1-1-2-1-1-1-0-0
corrupt_sd: 0.3
dataset: mnist
decay_start: 0.8
decay_start_epoch: 200
description: None
do_not_save: False
encoder_layers: [784, 1000, 500, 250, 250, 250, 10]
end_epoch: 250
epsilon: {0: 0.0478824401043, 1: 0.0704417429427, 2: 0.000854090192827, 3: 0.000854090192827, 4: 0.000854090192827, 5: 0.000854090192827, 6: 0.000854090192827}
eval_batch_size: 100
id: full_nlw_labeled-50
initial_learning_rate: 0.002
input_size: 784
iter_per_epoch: 600
logdir: logs/
lr_decay_frequency: 10
lrelu_a: 0.1
measure_smoothness: False
measure_vat: False
model: nlw
npi: 1-2-3-4
num_examples: 60000
num_iter: 150000
num_labeled: 50
num_layers: 6
num_power_iters: 3
ord: 2
rc_weights: {0: 1006.29215947, 1: 8.66109203716, 2: 0.0717106445511, 3: 0.0717106445511, 4: 0.0717106445511, 5: 0.0717106445511, 6: 0.0717106445511}
seed: 8794
static_bn: 0.99
tb: False
test_frequency_in_epochs: 5.0
top_bn: False
ul_batch_size: 100
vadv_sd: 0.5
validation: 0
verbose: False
which_gpu: 2
write_to: None
x0: None
xi: 1e-06
y0: None
Trainable parameters: 3107960
================================
