batch_size: 50
beta1: 0.9
beta1_during_decay: 0.9
cnn: False
cnn_dims: 32-32-32-32-16-16-16-16-8-8-8-8-1
cnn_fan: 3-96-96-96-96-192-192-192-192-192-192-192-192-10
cnn_ksizes: 3-3-3-3-3-3-3-3-3-1-1-0-0
cnn_layer_types: c-c-c-max-c-c-c-max-c-c-c-avg-fc
cnn_strides: 1-1-1-2-1-1-1-2-1-1-1-0-0
corrupt_sd: 0.3
dataset: mnist
decay_start: 0.8
decay_start_epoch: 200
description: None
do_not_save: False
encoder_layers: [784, 1000, 500, 250, 250, 250, 10]
end_epoch: 250
epsilon: {0: 0.0733, 1: 0.3897, 2: 0.08372, 3: 0.08372, 4: 0.08372, 5: 0.08372, 6: 0.08372}
eval_batch_size: 50
id: full_nlw_labeled-50
initial_learning_rate: 0.002
input_size: 784
iter_per_epoch: 400
logdir: logs/
lr_decay_frequency: 10
lrelu_a: 0.1
measure_smoothness: False
model: nlw
num_examples: 60000
num_iter: 100000
num_labeled: 50
num_layers: 6
num_power_iters: 3
rc_weights: {0: 1504.0, 1: 16.15, 2: 0.038, 3: 0.038, 4: 0.038, 5: 0.038, 6: 0.038}
seed: 748
static_bn: 0.99
tb: False
test_frequency_in_epochs: 5.0
top_bn: False
ul_batch_size: 150
vadv_sd: 0.5
validation: 0
verbose: False
which_gpu: 2
write_to: None
xi: 1e-06
Trainable parameters: 3107960
================================
Initial Train AER:  90.0 %
Initial Test AER:  93.14 %
batch_size: 50
beta1: 0.9
beta1_during_decay: 0.9
cnn: False
cnn_dims: 32-32-32-32-16-16-16-16-8-8-8-8-1
cnn_fan: 3-96-96-96-96-192-192-192-192-192-192-192-192-10
cnn_ksizes: 3-3-3-3-3-3-3-3-3-1-1-0-0
cnn_layer_types: c-c-c-max-c-c-c-max-c-c-c-avg-fc
cnn_strides: 1-1-1-2-1-1-1-2-1-1-1-0-0
corrupt_sd: 0.3
dataset: mnist
decay_start: 0.8
decay_start_epoch: 200
description: None
do_not_save: False
encoder_layers: [784, 1000, 500, 250, 250, 250, 10]
end_epoch: 250
epsilon: {0: 0.0733, 1: 0.3897, 2: 0.08372, 3: 0.08372, 4: 0.08372, 5: 0.08372, 6: 0.08372}
eval_batch_size: 50
id: full_nlw_labeled-50
initial_learning_rate: 0.002
input_size: 784
iter_per_epoch: 400
logdir: logs/
lr_decay_frequency: 10
lrelu_a: 0.1
measure_smoothness: False
model: nlw
num_examples: 60000
num_iter: 100000
num_labeled: 50
num_layers: 6
num_power_iters: 3
rc_weights: {0: 1504.0, 1: 16.15, 2: 0.038, 3: 0.038, 4: 0.038, 5: 0.038, 6: 0.038}
seed: 748
static_bn: 0.99
tb: False
test_frequency_in_epochs: 5.0
top_bn: False
ul_batch_size: 150
vadv_sd: 0.5
validation: 0
verbose: False
which_gpu: 2
write_to: None
xi: 1e-06
Trainable parameters: 3107960
================================
Initial Train AER:  0.0 %
Initial Test AER:  1.65000099182 %
Final AER:  1.48000133514 %
