batch_size: 100
beta1: 0.9
beta1_during_decay: 0.9
cnn: False
cnn_dims: 32-32-32-32-16-16-16-16-8-8-8-8-1
cnn_fan: 3-96-96-96-96-192-192-192-192-192-192-192-192-10
cnn_ksizes: 3-3-3-3-3-3-3-3-3-1-1-0-0
cnn_layer_types: c-c-c-max-c-c-c-max-c-c-c-avg-fc
cnn_strides: 1-1-1-2-1-1-1-2-1-1-1-0-0
corrupt_sd: 0.3
dataset: mnist
decay_start: 0.8
decay_start_epoch: 200
description: None
do_not_save: False
encoder_layers: [784, 1000, 500, 250, 250, 250, 10]
end_epoch: 250
epsilon: {0: 2.52055361325, 1: 0.0142655442678, 2: 0.000600210255729, 3: 0.000600210255729, 4: 0.000600210255729, 5: 0.000600210255729, 6: 0.000600210255729}
eval_batch_size: 100
id: full_clw_labeled-1000
initial_learning_rate: 0.002
input_size: 784
iter_per_epoch: 600
logdir: logs/
lr_decay_frequency: 10
lrelu_a: 0.1
measure_smoothness: False
measure_vat: False
model: clw
npi: 1-2-3-4
num_examples: 60000
num_iter: 150000
num_labeled: 1000
num_layers: 6
num_power_iters: 3
ord: 2
rc_weights: {0: 3883.31083202, 1: 12.3484422252, 2: 0.053924582814, 3: 0.053924582814, 4: 0.053924582814, 5: 0.053924582814, 6: 0.053924582814}
seed: 967
static_bn: 0.99
tb: False
test_frequency_in_epochs: 5.0
top_bn: False
ul_batch_size: 100
vadv_sd: 0.5
validation: 0
verbose: False
which_gpu: 3
write_to: None
x0: None
xi: 1e-06
y0: None
Trainable parameters: 3107960
================================
Initial Train AER:  93.8 %
Initial Test AER:  94.74 %
batch_size: 100
beta1: 0.9
beta1_during_decay: 0.9
cnn: False
cnn_dims: 32-32-32-32-16-16-16-16-8-8-8-8-1
cnn_fan: 3-96-96-96-96-192-192-192-192-192-192-192-192-10
cnn_ksizes: 3-3-3-3-3-3-3-3-3-1-1-0-0
cnn_layer_types: c-c-c-max-c-c-c-max-c-c-c-avg-fc
cnn_strides: 1-1-1-2-1-1-1-2-1-1-1-0-0
corrupt_sd: 0.3
dataset: mnist
decay_start: 0.8
decay_start_epoch: 200
description: None
do_not_save: False
encoder_layers: [784, 1000, 500, 250, 250, 250, 10]
end_epoch: 250
epsilon: {0: 2.52055361325, 1: 0.0142655442678, 2: 0.000600210255729, 3: 0.000600210255729, 4: 0.000600210255729, 5: 0.000600210255729, 6: 0.000600210255729}
eval_batch_size: 100
id: full_clw_labeled-1000
initial_learning_rate: 0.002
input_size: 784
iter_per_epoch: 600
logdir: logs/
lr_decay_frequency: 10
lrelu_a: 0.1
measure_smoothness: False
measure_vat: False
model: clw
npi: 1-2-3-4
num_examples: 60000
num_iter: 150000
num_labeled: 1000
num_layers: 6
num_power_iters: 3
ord: 2
rc_weights: {0: 3883.31083202, 1: 12.3484422252, 2: 0.053924582814, 3: 0.053924582814, 4: 0.053924582814, 5: 0.053924582814, 6: 0.053924582814}
seed: 967
static_bn: 0.99
tb: False
test_frequency_in_epochs: 5.0
top_bn: False
ul_batch_size: 100
vadv_sd: 0.5
validation: 0
verbose: False
which_gpu: 0
write_to: None
x0: None
xi: 1e-06
y0: None
Trainable parameters: 3107960
================================
Initial Train AER:  90.6 %
Initial Test AER:  91.11 %
Final AER:  1.19000236511 %
